78.419386175
-27.1296105563829
-2.72228157769493
.920567009534688
2.6914247347915
4.92078941888914
15.8375411067698
-8.98431812207946
-2.67492280857503
-1.19170291588976
-.525067530262572
-.147062364719751
9.50942017577733E-02
.262409525688581
.38414921032155
.47613696037112
.547682767893676
.60461981974563
.650785340126221
.688803539028237
.720527049727129
.747298869189867
.770114684947594
.789727052781861
.806714383283472
.82152784466985
.834523969472961
.845987800958446
.85614962521403
.865197254165011
.873285167503689
.880541445030507
.887073032000026
.892969790292479
.89830772813027
.903151457074042
.907556208685136
.911569389442274
.915231906710513
.918579171957185
.921641968990911
.924447142309004
.927018177559702
.929375677715522
.931537751011401
.933520381135193
.935337660403799
.937002050583034
.938524610106286
.93991510702516
.94118220613442
.942333591654489
.943376061755219
.944315607844002
.945157526206647
.94590645704688
.946566456300793
.947141032301361
.947633197627818
.948045493630212
.948380039057863
.948638509112728
.948822218042493
.948932079895219
